Stiffness matrix from ANSYS FULL file dumped into Harwell-Boeing format         
            83            13            29            29            12
RSA                       12            12            29             0
(I14)           (I14)           (d25.15)            (d25.15)            
F                          1            12
             1
             5
             7
            12
            15
            17
            20
            23
            24
            27
            28
            29
            30
             1
             5
             7
            12
             2
             8
             3
             5
             9
            10
            11
             4
             9
            10
             5
            11
             6
             7
            12
             7
            11
            12
             8
             9
            10
            11
            10
            11
            12
    0.782568348269119D+07
   -0.106822759467521D-06
   -0.391284174134559D+07
   -0.195642087067280D+10
    0.336000000000000D+08
   -0.168000000000000D+08
    0.424686481682631D+07
    0.121110728924844D-06
   -0.212343240841315D+07
    0.106171620420658D+10
   -0.605553644624222D-07
    0.117371620420658D+13
   -0.106171620420658D+10
    0.474858102103288D+12
    0.120554420169731D+12
   -0.602772100848654D+11
    0.240442087067280D+13
    0.195642087067280D+10
    0.754210435336399D+12
    0.391284174134559D+07
   -0.534113797337606D-07
    0.195642087067280D+10
    0.168000000000000D+08
    0.212343240841315D+07
   -0.106171620420658D+10
    0.605553644624222D-07
    0.586858102103288D+12
    0.602772100848654D+11
    0.120221043533640D+13
    0.000000000000000D+00
   -0.615440000000000D+04
    0.000000000000000D+00
    0.000000000000000D+00
    0.000000000000000D+00
    0.000000000000000D+00
    0.100000000000000D+05
   -0.307720000000000D+04
    0.000000000000000D+00
    0.000000000000000D+00
    0.000000000000000D+00
    0.000000000000000D+00
